1 0.940108 0.520683 0.059353 0.059353
1 0.505755 0.504496 0.017986 0.019784
1 0.519245 0.513489 0.026978 0.030576
2 0.715288 0.500000 0.019784 0.017986
2 0.730576 0.502698 0.021583 0.023381
3 0.721583 0.513489 0.035971 0.034173
3 0.622662 0.502698 0.021583 0.026978
2 0.641547 0.510791 0.030576 0.028777
2 0.276439 0.505396 0.023381 0.021583
2 0.098381 0.515288 0.048561 0.037770
3 0.406835 0.503597 0.021583 0.025180
0 0.737770 0.472122 0.039568 0.073741
4 0.956115 0.465827 0.087770 0.097122
0 0.833094 0.445144 0.187050 0.160072
0 0.501259 0.462230 0.098921 0.100719
0 0.259353 0.473921 0.046763 0.084532
0 0.159532 0.445144 0.188849 0.167266
5 0.498561 0.474820 0.226619 0.075540
6 0.043345 0.463129 0.086690 0.102518