0 0.157734 0.434353 0.188849 0.152878
0 0.262050 0.465827 0.034173 0.075540
0 0.501259 0.457734 0.102518 0.098921
0 0.834892 0.432554 0.190647 0.160072
0 0.737770 0.467626 0.035971 0.068345
4 0.954317 0.459532 0.091366 0.102518
5 0.501259 0.470324 0.224820 0.077338
6 0.044245 0.458633 0.088489 0.104317
2 0.038130 0.499101 0.046763 0.034173
3 0.368165 0.497302 0.019784 0.019784
3 0.432014 0.498201 0.043165 0.035971
2 0.352878 0.497302 0.032374 0.034173
2 0.613669 0.500000 0.025180 0.025180
1 0.459892 0.495504 0.026978 0.030576
1 0.587590 0.495504 0.030576 0.026978
1 0.682014 0.496403 0.032374 0.032374
1 0.646043 0.495504 0.053957 0.062950