2 0.370863 0.539568 0.079137 0.082734
2 0.491367 0.522482 0.053957 0.052158
2 0.217986 0.508094 0.039568 0.034173
5 0.501259 0.473022 0.278777 0.086331
1 0.949820 0.545863 0.100360 0.080935
1 0.744964 0.505396 0.021583 0.025180
3 0.155036 0.510791 0.035971 0.032374
3 0.423921 0.499101 0.026978 0.023381
3 0.173022 0.502698 0.028777 0.026978
0 0.054137 0.405576 0.108273 0.282374
0 0.169424 0.462230 0.125899 0.107914
0 0.499460 0.452338 0.138489 0.149281
0 0.825899 0.464928 0.122302 0.106115
0 0.945324 0.401978 0.109352 0.271583