1 0.377158 0.506295 0.019784 0.019784
1 0.414029 0.504496 0.021583 0.019784
1 0.429317 0.514388 0.026978 0.032374
1 0.640648 0.508094 0.028777 0.030576
1 0.026259 0.539568 0.052518 0.068345
2 0.619065 0.537770 0.064748 0.057554
3 0.735971 0.508094 0.021583 0.019784
3 0.524640 0.505396 0.019784 0.021583
3 0.256655 0.499101 0.019784 0.019784
3 0.681115 0.518885 0.059353 0.041367
6 0.039748 0.466727 0.079496 0.098921
0 0.163130 0.444245 0.185252 0.158273
0 0.262950 0.467626 0.043165 0.068345
0 0.498561 0.465827 0.089928 0.093525
0 0.834892 0.447842 0.187050 0.154676
0 0.735072 0.474820 0.026978 0.075540
5 0.497662 0.478417 0.214029 0.075540
4 0.959712 0.465827 0.080576 0.093525