2 0.284532 0.511691 0.035971 0.041367
2 0.365468 0.507194 0.032374 0.035971
2 0.655935 0.501799 0.030576 0.028777
2 0.682914 0.512590 0.037770 0.035971
2 0.981475 0.506295 0.034173 0.037770
3 0.439209 0.528777 0.064748 0.068345
3 0.762050 0.505396 0.026978 0.035971
3 0.876259 0.593525 0.165468 0.140288
1 0.242266 0.503597 0.037770 0.032374
1 0.486871 0.506295 0.037770 0.041367
1 0.776439 0.502698 0.026978 0.026978
1 0.961691 0.516187 0.055755 0.043165
5 0.501259 0.476619 0.253597 0.082734
0 0.226079 0.466727 0.073741 0.084532
0 0.104496 0.435252 0.208992 0.201439
0 0.500360 0.460432 0.122302 0.111511
0 0.775540 0.471223 0.075540 0.093525
0 0.893165 0.432554 0.213669 0.192446