2 0.233273 0.500899 0.023381 0.019784
3 0.250360 0.508993 0.028777 0.028777
3 0.378058 0.622302 0.172662 0.161871
3 0.573201 0.510791 0.026978 0.025180
2 0.275540 0.515288 0.039568 0.041367
2 0.432014 0.508094 0.021583 0.023381
2 0.399640 0.505396 0.021583 0.021583
2 0.596583 0.505396 0.030576 0.028777
2 0.692806 0.503597 0.025180 0.028777
0 0.500360 0.456835 0.122302 0.122302
0 0.796223 0.468525 0.091727 0.091727
0 0.909353 0.428058 0.181294 0.219424
0 0.201799 0.467626 0.093525 0.089928
0 0.089209 0.423561 0.178417 0.217626
5 0.498561 0.474820 0.255396 0.086331