1 0.631655 0.509892 0.025180 0.030576
1 0.737770 0.501799 0.021583 0.028777
1 0.562410 0.501799 0.026978 0.028777
1 0.066007 0.523381 0.062950 0.057554
3 0.895144 0.508094 0.041367 0.034173
3 0.781835 0.543165 0.070144 0.071942
3 0.652338 0.541367 0.055755 0.064748
3 0.446403 0.502698 0.028777 0.026978
2 0.228777 0.514388 0.057554 0.043165
2 0.469784 0.509892 0.043165 0.041367
2 0.679317 0.507194 0.034173 0.025180
6 0.075719 0.459532 0.151438 0.113309
5 0.669424 0.471223 0.258993 0.082734
0 0.669424 0.455036 0.118705 0.122302
0 0.960612 0.467626 0.078776 0.104317
0 0.384353 0.470324 0.080935 0.095324
0 0.244065 0.428957 0.246403 0.206835