2 0.520144 0.508993 0.028777 0.028777
2 0.745863 0.503597 0.019784 0.021583
2 0.394245 0.509892 0.032374 0.023381
2 0.307914 0.505396 0.025180 0.021583
3 0.575000 0.504496 0.030576 0.034173
3 0.617266 0.500000 0.039568 0.035971
3 0.713489 0.508993 0.041367 0.028777
3 0.635252 0.532374 0.075540 0.075540
3 0.377158 0.498201 0.034173 0.025180
1 0.287230 0.502698 0.030576 0.030576
1 0.324101 0.501799 0.025180 0.028777
6 0.048741 0.470324 0.097482 0.120504
4 0.952518 0.463129 0.094964 0.109712
5 0.495863 0.474820 0.217626 0.075540
0 0.502158 0.465827 0.104317 0.115108
0 0.740468 0.469424 0.044964 0.079137
0 0.833094 0.444245 0.205036 0.172662
0 0.259353 0.469424 0.043165 0.082734
0 0.160432 0.444245 0.197842 0.172662