2 0.599281 0.508993 0.039568 0.050360
2 0.443705 0.510791 0.037770 0.032374
2 0.379856 0.504496 0.032374 0.026978
3 0.487770 0.501799 0.028777 0.039568
3 0.696403 0.508094 0.039568 0.030576
3 0.746763 0.506295 0.046763 0.034173
3 0.846583 0.516187 0.055755 0.050360
1 0.409532 0.502698 0.030576 0.037770
1 0.371763 0.503597 0.034173 0.035971
3 0.118885 0.705036 0.237770 0.320144
6 0.018165 0.459532 0.036330 0.124101
5 0.621763 0.473921 0.257194 0.084532
0 0.333094 0.468525 0.104317 0.095324
0 0.142446 0.430755 0.248201 0.199640
0 0.606475 0.452338 0.136691 0.127698
0 0.899640 0.468525 0.053957 0.095324
0 0.946223 0.427158 0.107554 0.221223