3 0.271043 0.502698 0.030576 0.026978
3 0.245863 0.502698 0.030576 0.023381
3 0.798022 0.510791 0.041367 0.039568
1 0.671223 0.517086 0.043165 0.037770
1 0.039928 0.518885 0.057554 0.052158
2 0.300719 0.505396 0.032374 0.035971
2 0.448201 0.517086 0.035971 0.034173
2 0.493165 0.512590 0.035971 0.035971
2 0.824101 0.507194 0.039568 0.032374
4 0.955216 0.469424 0.089568 0.107914
0 0.737770 0.467626 0.046763 0.086331
0 0.834892 0.442446 0.194245 0.169065
0 0.503957 0.462230 0.107914 0.107914
0 0.160432 0.440647 0.190647 0.165468
0 0.265648 0.467626 0.041367 0.093525
6 0.043345 0.465827 0.086690 0.115108
5 0.499460 0.476619 0.228417 0.086331