1 0.197302 0.513489 0.034173 0.034173
1 0.424820 0.505396 0.014388 0.021583
1 0.450000 0.503597 0.028777 0.028777
1 0.626259 0.504496 0.021583 0.030576
1 0.789029 0.539568 0.088129 0.068345
2 0.283633 0.506295 0.030576 0.026978
2 0.343885 0.505396 0.021583 0.021583
3 0.328597 0.500000 0.026978 0.028777
0 0.260252 0.466727 0.041367 0.073741
0 0.740468 0.471223 0.041367 0.071942
0 0.498561 0.464928 0.104317 0.098921
0 0.162230 0.442446 0.197842 0.158273
0 0.833094 0.441547 0.194245 0.163669
3 0.950000 0.518885 0.071942 0.062950
4 0.954317 0.466727 0.091366 0.098921
5 0.495863 0.473921 0.232014 0.073741
6 0.042446 0.464029 0.084892 0.100719