3 0.989628 0.497842 0.020743 0.022782
3 0.885132 0.497542 0.022782 0.019784
3 0.171283 0.502638 0.079736 0.063549
1 0.235132 0.498441 0.062350 0.052758
1 0.476296 0.500646 0.023058 0.021214
1 0.694660 0.498109 0.020753 0.027209
1 0.504197 0.500415 0.052112 0.050267
2 0.775872 0.497879 0.032282 0.028593
2 0.972560 0.497648 0.019830 0.013374
0 0.976250 0.463983 0.047500 0.081627
0 0.702177 0.452453 0.106991 0.109297
0 0.429951 0.464029 0.056797 0.075729
0 0.313991 0.424271 0.220560 0.195002
6 0.144074 0.455983 0.202575 0.120220
5 0.695051 0.468804 0.249938 0.080005