6 0.044245 0.465827 0.088489 0.107914
4 0.952518 0.465827 0.094964 0.100719
1 0.868165 0.512590 0.048561 0.039568
2 0.664029 0.503597 0.025180 0.021583
2 0.576799 0.506295 0.023381 0.026978
3 0.558813 0.508094 0.026978 0.026978
3 0.295324 0.505396 0.028777 0.028777
2 0.313309 0.501799 0.028777 0.025180
2 0.279137 0.505396 0.028777 0.028777
2 0.341187 0.513489 0.037770 0.041367
3 0.466187 0.532374 0.064748 0.057554
0 0.502158 0.466727 0.104317 0.109712
0 0.835791 0.439748 0.185252 0.163669
0 0.259353 0.473921 0.043165 0.077338
0 0.161331 0.446043 0.192446 0.161871
5 0.500360 0.477518 0.226619 0.073741
0 0.739568 0.471223 0.039568 0.075540