3 0.322302 0.502698 0.025180 0.026978
3 0.337590 0.500899 0.026978 0.030576
3 0.354676 0.518885 0.046763 0.041367
3 0.775540 0.505396 0.028777 0.021583
2 0.700000 0.502698 0.025180 0.023381
2 0.630755 0.508993 0.037770 0.028777
2 0.946223 0.593525 0.107554 0.147482
1 0.288130 0.506295 0.043165 0.034173
1 0.718885 0.501799 0.026978 0.028777
5 0.501259 0.475719 0.239209 0.080935
0 0.230576 0.468525 0.071942 0.095324
0 0.104496 0.435252 0.208992 0.197842
0 0.503957 0.463129 0.115108 0.116906
0 0.770144 0.470324 0.071942 0.080935
0 0.890468 0.435252 0.219064 0.190647