2 0.287698 0.497410 0.015108 0.014388
2 0.370791 0.497410 0.017266 0.017266
2 0.578705 0.499928 0.063309 0.066906
2 0.780863 0.497410 0.014388 0.014388
2 0.800288 0.498849 0.024460 0.023022
3 0.468633 0.497410 0.010072 0.017266
3 0.502446 0.498489 0.015827 0.013669
3 0.244173 0.498489 0.023022 0.022302
3 0.924460 0.498201 0.046043 0.049640
3 0.960432 0.497482 0.046043 0.051079
1 0.764748 0.497482 0.020144 0.017986
1 0.477626 0.498921 0.015108 0.016547
0 0.099353 0.393022 0.198705 0.249640
0 0.259137 0.460288 0.103597 0.092086
0 0.585827 0.443022 0.131655 0.132374
0 0.914388 0.462446 0.116547 0.096403
5 0.579137 0.466043 0.264748 0.082014