2 0.030755 0.528777 0.061510 0.079137
2 0.668525 0.506295 0.012590 0.023381
2 0.770144 0.506295 0.035971 0.034173
2 0.905935 0.509892 0.041367 0.041367
3 0.738669 0.500899 0.023381 0.023381
3 0.966187 0.502698 0.039568 0.030576
1 0.640648 0.507194 0.028777 0.032374
1 0.682914 0.502698 0.023381 0.037770
1 0.378058 0.520683 0.071942 0.055755
6 0.367266 0.468525 0.190647 0.113309
5 0.865468 0.476619 0.255396 0.079137
0 0.616367 0.471223 0.034173 0.075540
0 0.528237 0.443345 0.192446 0.170863
0 0.874460 0.464928 0.122302 0.116906