2 0.365468 0.505396 0.032374 0.025180
2 0.389748 0.508094 0.030576 0.030576
2 0.607374 0.502698 0.023381 0.030576
3 0.662230 0.505396 0.028777 0.025180
3 0.685612 0.505396 0.032374 0.035971
3 0.048921 0.520683 0.053957 0.048561
1 0.237770 0.509892 0.043165 0.048561
1 0.310612 0.503597 0.044964 0.039568
1 0.887050 0.511691 0.032374 0.037770
1 0.923921 0.513489 0.037770 0.034173
0 0.498561 0.465827 0.104317 0.115108
0 0.739568 0.473921 0.043165 0.073741
0 0.834892 0.445144 0.187050 0.160072
0 0.261151 0.466727 0.039568 0.088129
0 0.157734 0.444245 0.188849 0.158273
6 0.043345 0.462230 0.086690 0.100719
4 0.955216 0.464928 0.089568 0.098921
5 0.500360 0.475719 0.223022 0.077338