2 0.786331 0.541367 0.097122 0.082734
2 0.662230 0.578237 0.154676 0.127698
1 0.113669 0.509892 0.050360 0.041367
1 0.987590 0.510791 0.024820 0.046763
1 0.952698 0.506295 0.044964 0.037770
1 0.403237 0.527878 0.068345 0.059353
1 0.343885 0.520683 0.057554 0.059353
3 0.528237 0.518885 0.059353 0.048561
3 0.746763 0.509892 0.053957 0.048561
3 0.221583 0.518885 0.057554 0.048561
6 0.600180 0.468525 0.170863 0.102518
0 0.432014 0.450540 0.215827 0.170863
0 0.799820 0.476619 0.113309 0.093525
0 0.952518 0.454137 0.094964 0.127698