2 0.589389 0.505396 0.030576 0.025180
1 0.539928 0.500000 0.017986 0.017986
1 0.530036 0.506295 0.023381 0.023381
1 0.573201 0.507194 0.026978 0.028777
1 0.818705 0.516187 0.053957 0.057554
1 0.652338 0.519784 0.052158 0.050360
1 0.201799 0.513489 0.057554 0.052158
3 0.441007 0.513489 0.046763 0.034173
3 0.726079 0.502698 0.030576 0.030576
3 0.673921 0.511691 0.037770 0.037770
6 0.036151 0.465827 0.072302 0.100719
4 0.945324 0.470324 0.109352 0.109712
5 0.481475 0.475719 0.228417 0.084532
0 0.486871 0.462230 0.109712 0.115108
0 0.721583 0.468525 0.053957 0.077338
0 0.818705 0.445144 0.197842 0.178058
0 0.243165 0.469424 0.046763 0.086331
0 0.146043 0.446043 0.190647 0.169065