1 0.417626 0.505396 0.014388 0.021583
1 0.446403 0.504496 0.028777 0.026978
1 0.635252 0.503597 0.021583 0.021583
1 0.900540 0.554856 0.109712 0.091727
1 0.162230 0.512590 0.057554 0.043165
6 0.021763 0.468525 0.043525 0.120504
3 0.320504 0.502698 0.021583 0.023381
3 0.989389 0.521583 0.021222 0.046763
2 0.338489 0.508094 0.028777 0.026978
2 0.268345 0.508094 0.025180 0.030576
4 0.975000 0.464029 0.050000 0.107914
0 0.755755 0.470324 0.053957 0.080935
0 0.860971 0.437950 0.206835 0.170863
0 0.497662 0.459532 0.102518 0.109712
0 0.242266 0.471223 0.048561 0.075540
0 0.130755 0.438849 0.210432 0.176259
5 0.496763 0.475719 0.237410 0.080935