2 0.680216 0.508094 0.035971 0.030576
2 0.720683 0.500899 0.026978 0.030576
1 0.021763 0.520683 0.043525 0.052158
3 0.476079 0.503597 0.026978 0.032374
3 0.416727 0.503597 0.030576 0.035971
3 0.281835 0.505396 0.030576 0.032374
1 0.363669 0.504496 0.035971 0.023381
6 0.042446 0.465827 0.084892 0.111511
4 0.950719 0.463129 0.098561 0.109712
1 0.982194 0.517986 0.035611 0.039568
5 0.503058 0.476619 0.228417 0.075540
0 0.259353 0.471223 0.043165 0.086331
0 0.740468 0.471223 0.048561 0.079137
0 0.834892 0.445144 0.201439 0.174460
0 0.160432 0.444245 0.190647 0.158273