2 0.506655 0.504496 0.026978 0.019784
2 0.341187 0.508993 0.041367 0.035971
2 0.158633 0.510791 0.028777 0.032374
1 0.466187 0.502698 0.025180 0.023381
1 0.560612 0.500899 0.023381 0.023381
1 0.408633 0.501799 0.028777 0.028777
1 0.061511 0.514388 0.039568 0.046763
3 0.310612 0.502698 0.034173 0.030576
3 0.468885 0.522482 0.044964 0.044964
3 0.539029 0.523381 0.055755 0.050360
3 0.668525 0.508993 0.030576 0.028777
4 0.953417 0.466727 0.093165 0.102518
6 0.043345 0.463129 0.086690 0.102518
0 0.831295 0.444245 0.194245 0.158273
0 0.499460 0.464029 0.106115 0.104317
0 0.740468 0.471223 0.044964 0.089928
0 0.260252 0.471223 0.041367 0.089928
0 0.164029 0.441547 0.190647 0.163669
5 0.496763 0.471223 0.230216 0.079137