2 0.411331 0.508993 0.030576 0.028777
2 0.773741 0.505396 0.025180 0.025180
2 0.890648 0.515288 0.057554 0.055755
1 0.733273 0.507194 0.034173 0.028777
1 0.703597 0.580036 0.125899 0.124101
1 0.365468 0.508094 0.025180 0.026978
1 0.161331 0.521583 0.062950 0.061151
3 0.494964 0.543165 0.082734 0.079137
3 0.675719 0.503597 0.030576 0.028777
5 0.501259 0.474820 0.257194 0.082734
0 0.503058 0.465827 0.127698 0.129496
0 0.783633 0.470324 0.088129 0.088129
0 0.898561 0.428058 0.202878 0.208633
0 0.218885 0.465827 0.080935 0.100719
0 0.100899 0.429856 0.201798 0.212230