6 0.044245 0.466727 0.088489 0.113309
2 0.320504 0.515288 0.035971 0.034173
2 0.380755 0.505396 0.030576 0.032374
2 0.637950 0.503597 0.034173 0.025180
2 0.660432 0.509892 0.043165 0.030576
2 0.878957 0.508094 0.030576 0.026978
3 0.460791 0.517086 0.039568 0.041367
3 0.665827 0.539568 0.068345 0.061151
3 0.726978 0.502698 0.028777 0.026978
1 0.019964 0.519784 0.039928 0.046763
1 0.275540 0.503597 0.035971 0.032374
1 0.485971 0.501799 0.025180 0.028777
1 0.745863 0.503597 0.026978 0.025180
1 0.856475 0.515288 0.035971 0.026978
5 0.497662 0.477518 0.221223 0.077338
0 0.257554 0.469424 0.039568 0.079137
0 0.162230 0.444245 0.190647 0.161871
0 0.503058 0.460432 0.109712 0.097122
0 0.741367 0.470324 0.046763 0.080935
0 0.836691 0.440647 0.190647 0.179856
4 0.948921 0.470324 0.102158 0.106115