1 0.252158 0.498201 0.028777 0.025180
1 0.447302 0.498201 0.041367 0.032374
1 0.577108 0.499032 0.016602 0.015219
1 0.611234 0.498340 0.030437 0.026748
1 0.723298 0.498801 0.023981 0.023058
2 0.632217 0.498109 0.017986 0.019830
2 0.304326 0.498570 0.033665 0.031821
3 0.322311 0.498109 0.013374 0.026287
3 0.351596 0.496495 0.017524 0.014757
3 0.390795 0.500646 0.048884 0.047039
1 0.860220 0.502029 0.136045 0.110681
0 0.097395 0.418520 0.194790 0.190211
0 0.217408 0.465391 0.074668 0.085568
0 0.500491 0.452038 0.112819 0.113364
0 0.900752 0.418247 0.198496 0.189666
0 0.778341 0.466209 0.067037 0.080663
5 0.500000 0.468633 0.244604 0.076259