0 0.832194 0.444245 0.174460 0.143885
0 0.500360 0.465827 0.086331 0.089928
0 0.159532 0.445144 0.163669 0.142086
2 0.258453 0.501799 0.012590 0.014388
0 0.256655 0.473022 0.034173 0.061151
1 0.393345 0.506295 0.012590 0.008993
1 0.539928 0.516187 0.021583 0.025180
1 0.724281 0.507194 0.012590 0.014388
2 0.658633 0.505396 0.014388 0.017986
2 0.441906 0.508993 0.023381 0.025180
2 0.577698 0.521583 0.032374 0.028777
5 0.495863 0.476619 0.206835 0.064748
0 0.736871 0.473921 0.026978 0.070144
4 0.960612 0.468525 0.078776 0.091727
6 0.038849 0.467626 0.077698 0.093525
3 0.852878 0.526978 0.043165 0.035971