2 0.427518 0.506295 0.034173 0.034173
2 0.737770 0.505396 0.028777 0.021583
2 0.789928 0.513489 0.050360 0.044964
2 0.017266 0.535072 0.034532 0.066547
1 0.383453 0.501799 0.028777 0.017986
1 0.257554 0.513489 0.039568 0.044964
1 0.592086 0.535072 0.068345 0.062950
1 0.704496 0.505396 0.041367 0.035971
1 0.902338 0.508094 0.044964 0.034173
3 0.657734 0.500899 0.026978 0.026978
3 0.500360 0.524281 0.057554 0.059353
6 0.046043 0.464928 0.092086 0.098921
4 0.951619 0.465827 0.096762 0.100719
5 0.498561 0.476619 0.226619 0.079137
0 0.501259 0.464928 0.106115 0.102518
0 0.743165 0.472122 0.057554 0.084532
0 0.833094 0.444245 0.194245 0.169065
0 0.257554 0.473022 0.046763 0.082734
0 0.162230 0.441547 0.190647 0.163669