3 0.337590 0.500899 0.019784 0.019784
3 0.351079 0.503597 0.025180 0.025180
3 0.388849 0.512590 0.043165 0.035971
3 0.741367 0.504496 0.025180 0.026978
2 0.618165 0.507194 0.030576 0.032374
2 0.681115 0.499101 0.023381 0.023381
2 0.708993 0.541367 0.075540 0.061151
1 0.316906 0.508094 0.028777 0.030576
1 0.941007 0.516187 0.068345 0.064748
1 0.699101 0.502698 0.026978 0.026978
4 0.952518 0.466727 0.094964 0.113309
6 0.049640 0.469424 0.099280 0.107914
5 0.500360 0.478417 0.223022 0.075540
0 0.502158 0.464029 0.100719 0.104317
0 0.744964 0.470324 0.064748 0.080935
0 0.834892 0.442446 0.201439 0.169065
0 0.260252 0.468525 0.041367 0.084532
0 0.160432 0.444245 0.190647 0.172662