2 0.200899 0.509892 0.016187 0.019784
2 0.405935 0.520683 0.037770 0.041367
2 0.704496 0.508993 0.026978 0.021583
2 0.715288 0.571043 0.106115 0.080935
1 0.362770 0.508993 0.019784 0.025180
1 0.583094 0.535072 0.050360 0.052158
1 0.804317 0.511691 0.028777 0.026978
3 0.648741 0.530576 0.059353 0.057554
0 0.811511 0.470324 0.104317 0.091727
0 0.922842 0.418165 0.154316 0.232014
0 0.503058 0.455036 0.116906 0.122302
0 0.072122 0.419964 0.144244 0.221223
0 0.194604 0.465827 0.107914 0.086331
5 0.501259 0.473022 0.260791 0.086331